$ 1 0.000005 10.20027730826997 50 5 43 5e-11
f 144 256 192 256 32 1.5 0.02
r 192 240 192 192 0 1000
R 192 192 192 160 0 0 40 12 0 0 0.5
s 192 272 192 320 0 1 false
r 192 320 192 368 0 1000
g 192 368 192 384 0 0
R 144 256 112 256 4 5 1000 12 0 0 0.1
d 192 272 240 272 2 default
c 240 272 240 320 0 1.0000000000000001e-7 9.50913054165694 0.001
r 256 272 256 320 0 100000
w 240 320 256 320 0
w 240 272 256 272 0
g 256 320 256 336 0 0
f 256 272 256 192 41 1.5 0.02
d 192 272 160 288 2 default
c 160 288 160 320 0 1.0000000000000001e-7 9.509130541656928 0.001
g 160 320 160 336 0 0
r 144 288 144 320 0 100000
w 160 288 144 288 0
w 160 320 144 320 0
f 144 288 64 288 32 1.5 0.02
R 64 272 64 240 0 0 40 5 0 0 0.5
r 144 256 144 208 0 10000
g 144 208 144 192 0 0
r 192 192 240 192 0 2200
r 240 192 240 144 0 10000
g 240 144 240 128 0 0
r 368 240 320 240 0 100000
f 256 272 320 272 32 1.5 0.02
g 320 288 320 304 0 0
f 304 224 304 192 41 1.5 0.02
w 272 192 288 192 0
w 320 240 320 256 0
w 304 240 320 240 0
w 304 240 304 224 0
R 368 240 368 208 0 0 40 12 0 0 0.5
o 9 1 0 135171 10 0.0001953125 0 2 9 3
o 17 1 0 135171 10 0.0001953125 1 2 17 3
o 4 1 0 135171 0.0000762939453125 0.00009765625 2 2 4 3
